1 Johnny 100 88 91
2 Jack 89 90 91
3 Mary 100 78 95
4 Tom 88 88 88
5 Tirz 76.03 62.28 66.37
6 Ydgk 79.64 99.19 99.01
7 Aibwetdm 81.81 81.88 72.85
8 Hnac 92.03 81.18 75.59
9 Vte 76.43 91.57 70.69
10 Rgusjz 75.95 91.39 88.19
11 Syxnoil 90.98 83.85 67.55
12 Uaczoeis 83.77 90.94 93.31
13 Yvuat 73.36 90.76 71.33
14 Vsrum 91.84 88.68 75.35
15 Newz 64.26 82.5 94.93
16 Cfhumej 86.47 99.85 73.54
17 Avowzu 75.2 62.06 93.83
18 Pvfe 89.62 87.98 66.22
19 Ijbhelx 97.33 93.28 61.16
20 Ebtg 85.48 70.34 83.17
21 Vale 84.29 67.77 78.58
22 Bzfwa 91.89 70.13 77.46
23 Txmfpzl 82.06 63.65 73.66
24 Stivjfgc 77.37 83.73 98.72
25 Rja 85.82 82.32 73.62
26 Ybfclk 84.57 64.71 86.83
27 Kjuterv 60.95 94.14 97.08
28 Tolarkv 99.08 78.24 67.49
29 Qwtubozd 60.49 89.39 60.49
30 Bpscvjd 97.72 73.91 88.2
31 Hkqrydzu 78.44 73.52 92.63
32 Zhpc 88.08 81.04 85.7
33 Dwisvxe 89.21 83.27 82.06
34 Dzbie 66.25 66.0 85.25
35 Umlfwcxe 86.05 64.14 89.16
36 Ldki 70.81 91.53 79.96
37 Ulozpbkd 93.56 82.82 72.55
38 Dbol 92.21 60.2 69.46
39 Wbk 85.24 71.87 86.0
40 Vsldp 61.95 68.32 69.07
41 Facjb 77.14 71.79 87.64
42 Xhtm 63.11 68.35 97.94
43 Qzj 72.64 78.99 96.71
44 Jzacyrto 64.92 73.11 75.86
45 Qbwrzkxs 72.59 82.64 65.26
46 Njkca 91.38 81.8 91.14
47 Toyinadq 61.48 65.84 88.88
48 Hbxzesrk 84.23 77.75 95.32
49 Rfx 64.5 64.9 92.97
50 Arsj 78.33 60.93 86.17
51 Xotfenh 93.37 85.25 64.01
52 Zroefypi 71.98 78.87 64.75
53 Yracm 99.21 85.78 67.67
54 Mcn 96.48 94.44 99.71
55 Gptrnek 65.47 91.24 89.72
56 Vkew 92.8 91.89 89.58
57 Nxgivtym 85.13 76.06 97.64
58 Qpegrnk 72.07 72.37 63.51
59 Npuxk 62.96 96.04 83.36
60 Mpfuej 65.09 79.42 63.1
61 Wpn 62.57 79.92 99.85
62 Ihuan 76.07 97.37 72.46
63 Oblvgqjr 80.05 98.65 75.8
64 Yqxzl 74.92 61.7 80.02
65 Biejfwo 65.9 68.36 82.78
66 Gfwyijbs 76.64 98.85 63.16
67 Ohy 86.28 96.05 77.34
68 Hlqf 68.91 94.03 85.54
69 Stvme 80.11 96.97 70.59
70 Ijpdth 78.4 77.18 67.58
71 Zjtikx 69.54 73.15 80.0
72 Bvg 72.39 85.24 72.8
73 Xjrc 61.77 75.7 90.83
74 Gwqraxvh 60.96 90.83 74.64
75 Xnzqey 77.09 90.19 85.74
76 Kblwt 69.01 61.43 94.36
77 Hftyxeil 65.52 87.09 83.36
78 Jiayd 65.64 82.22 73.11
79 Vim 87.13 77.06 93.36
80 Rbut 76.97 89.88 85.85
81 Yvuzfe 94.65 78.37 97.32
82 Lkscgz 81.17 85.24 85.82
83 Okgrbh 60.64 81.6 87.62
84 Gelau 67.61 93.62 79.83
85 Boa 79.21 75.96 83.51
86 Ubkz 99.25 79.22 94.2
87 Utyclbwh 71.51 68.78 70.51
88 Tzuxqvr 74.14 74.99 68.1
89 Vtjesb 61.61 62.34 99.04
90 Afbdi 77.04 71.67 77.45
91 Vxroiegt 75.36 69.88 61.57
92 Phnvaz 86.58 69.15 93.12
93 Gjcmtu 87.12 90.99 61.32
94 Lzni 61.04 97.51 74.06
95 Uqgtxaz 71.54 70.16 70.26
96 Yusn 85.89 96.85 75.98
97 Nevifagk 99.25 98.38 79.93
98 Tre 86.64 92.34 77.85
99 Tserhwvl 90.77 80.12 74.49
